B: -6.704190883333333
Ge: -4.49306016
N: -8.325982485
S: -4.1315283840625
Se: -3.509959506875
Si: -5.393272535
