B: -6.705624474166666
N: -8.32088119
