B: -6.704190883333333
F: -1.80912549
Li: -1.9017495366666666
N: -8.325982485
