B: -6.704190883333333
N: -8.325982485
O: -4.94253897
Si: -5.393272535
