B: -6.704190883333333
C: -9.22493782
N: -8.325982485
