B: -6.704190883333333
N: -8.325982485
